modèle de base
[26.1  38.97 47.43 51.1  42.28 56.25 55.51 62.5  68.01 57.35 66.91 64.71
 71.32 60.29 74.26 76.47 76.1  77.57 74.26 68.75 79.04 77.57 79.78 84.56
 82.35 81.62 81.99 70.96 81.99 81.62 80.51 78.68 82.72 77.57 82.35 82.72
 82.35 81.99 78.68 79.78 82.35 78.68 80.51 72.43 82.72 80.15 84.19 79.78
 81.99 80.15]


Pl@ntNet
 [40.07 69.12 81.99 88.24 89.34 90.07 91.91 93.01 91.91 92.65 92.28 93.01
 91.91 92.65 93.01 92.65 93.38 93.75 93.38 93.75 93.75 93.01 94.49 95.22
 94.12 94.12 93.75 93.38 94.12 94.85 93.01 93.75 94.12 94.12 95.22 94.85
 94.12 94.12 93.75 94.49 94.85 94.49 94.85 94.12 93.75 93.75 94.12 95.22
 94.12 94.49] 